MutantsGenerated,MutantsCovered,MutantsKilled,MutantsLive,RuntimePreprocSeconds,RuntimeAnalysisSeconds
91,0,0,0,119.01,0.2